BASELINE 01 VS DIFFICULTY-AWARE SAMPLING

Metric | Reference | Experiment 04 | Delta
map | 0.575485 | 0.564713 | -0.010772
map_50 | 0.825687 | 0.828431 | +0.002744
map_75 | 0.653031 | 0.628207 | -0.024824
mar_100 | 0.687444 | 0.673316 | -0.014129
precision_score_050 | 0.752404 | 0.750000 | -0.002404
recall_score_050 | 0.759709 | 0.750000 | -0.009709
tp | 313.000000 | 309.000000 | -4.000000
fp | 103.000000 | 103.000000 | +0.000000
fn | 99.000000 | 103.000000 | +4.000000
class_confusion_count | 57.000000 | 61.000000 | +4.000000
localization_error_count | 22.000000 | 24.000000 | +2.000000
background_fp_count | 8.000000 | 8.000000 | +0.000000
duplicate_count | 6.000000 | 3.000000 | -3.000000
mean_matched_iou | 0.847782 | 0.846867 | -0.000915
median_matched_iou | 0.876271 | 0.875605 | -0.000666
mean_epoch_runtime_seconds | 412.300782 | 376.402035 | -35.898746
total_runtime_seconds | 4139.927600 | 3777.838150 | -362.089450
peak_gpu_allocated_mib | 737.231445 | 738.981445 | +1.750000
peak_gpu_reserved_mib | 888.000000 | 888.000000 | +0.000000
best_epoch | 9.000000 | 10.000000 | +1.000000
small_recall | 0.381579 | 0.381579 | +0.000000
medium_recall | 0.774436 | 0.812030 | +0.037594
large_recall | 0.891626 | 0.847291 | -0.044335
one_object_recall | 0.870833 | 0.862500 | -0.008333
two_three_object_recall | 0.714286 | 0.723810 | +0.009524
four_plus_object_recall | 0.432836 | 0.388060 | -0.044776

Class AP:
Buffalo | 0.505370 | 0.478426 | -0.026944
Camel | 0.391667 | 0.503589 | +0.111922
Cat | 0.669733 | 0.543337 | -0.126396
Cheetah | 0.473173 | 0.526284 | +0.053111
Cow | 0.554551 | 0.642793 | +0.088242
Deer | 0.624661 | 0.584698 | -0.039963
Dog | 0.691891 | 0.665228 | -0.026663
Elephant | 0.572022 | 0.576892 | +0.004870
Goat | 0.448654 | 0.464697 | +0.016043
Gorilla | 0.584253 | 0.642834 | +0.058582
Hippo | 0.574857 | 0.522866 | -0.051991
Horse | 0.694005 | 0.666081 | -0.027924
Lion | 0.758658 | 0.637766 | -0.120892
Monkeys | 0.406690 | 0.422379 | +0.015690
Panda | 0.284696 | 0.244862 | -0.039834
Rat | 0.600946 | 0.557494 | -0.043452
Rhino | 0.767033 | 0.705846 | -0.061188
Tiger | 0.626626 | 0.718624 | +0.091998
Wolf | 0.800798 | 0.746561 | -0.054237
Zebra | 0.479410 | 0.443004 | -0.036406

Confidence:
true_positive_mean | 0.913967 | 0.921213 | +0.007246
true_positive_median | 0.973946 | 0.970115 | -0.003831
false_positive_mean | 0.722969 | 0.718030 | -0.004938
false_positive_median | 0.686542 | 0.694893 | +0.008351
