CLASS-AWARE VS DIFFICULTY-AWARE SAMPLING

Metric | Reference | Experiment 04 | Delta
map | 0.576391 | 0.564713 | -0.011678
map_50 | 0.830832 | 0.828431 | -0.002401
map_75 | 0.644557 | 0.628207 | -0.016350
mar_100 | 0.688296 | 0.673316 | -0.014980
precision_score_050 | 0.736364 | 0.750000 | +0.013636
recall_score_050 | 0.786408 | 0.750000 | -0.036408
tp | 324.000000 | 309.000000 | -15.000000
fp | 116.000000 | 103.000000 | -13.000000
fn | 88.000000 | 103.000000 | +15.000000
class_confusion_count | 66.000000 | 61.000000 | -5.000000
localization_error_count | 29.000000 | 24.000000 | -5.000000
background_fp_count | 9.000000 | 8.000000 | -1.000000
duplicate_count | 1.000000 | 3.000000 | +2.000000
mean_matched_iou | 0.845532 | 0.846867 | +0.001335
median_matched_iou | 0.877613 | 0.875605 | -0.002008
mean_epoch_runtime_seconds | 386.224151 | 376.402035 | -9.822115
total_runtime_seconds | 3877.976230 | 3777.838150 | -100.138080
peak_gpu_allocated_mib | 738.856445 | 738.981445 | +0.125000
peak_gpu_reserved_mib | 896.000000 | 888.000000 | -8.000000
best_epoch | 10.000000 | 10.000000 | +0.000000
small_recall | 0.460526 | 0.381579 | -0.078947
medium_recall | 0.789474 | 0.812030 | +0.022556
large_recall | 0.906404 | 0.847291 | -0.059113
one_object_recall | 0.883333 | 0.862500 | -0.020833
two_three_object_recall | 0.780952 | 0.723810 | -0.057143
four_plus_object_recall | 0.447761 | 0.388060 | -0.059701

Class AP:
Buffalo | 0.481276 | 0.478426 | -0.002851
Camel | 0.518417 | 0.503589 | -0.014828
Cat | 0.643853 | 0.543337 | -0.100516
Cheetah | 0.567394 | 0.526284 | -0.041110
Cow | 0.613255 | 0.642793 | +0.029538
Deer | 0.592021 | 0.584698 | -0.007324
Dog | 0.664292 | 0.665228 | +0.000936
Elephant | 0.587681 | 0.576892 | -0.010790
Goat | 0.489690 | 0.464697 | -0.024993
Gorilla | 0.584955 | 0.642834 | +0.057880
Hippo | 0.594278 | 0.522866 | -0.071412
Horse | 0.724063 | 0.666081 | -0.057982
Lion | 0.723294 | 0.637766 | -0.085528
Monkeys | 0.406269 | 0.422379 | +0.016110
Panda | 0.298813 | 0.244862 | -0.053951
Rat | 0.551124 | 0.557494 | +0.006370
Rhino | 0.717465 | 0.705846 | -0.011620
Tiger | 0.560983 | 0.718624 | +0.157642
Wolf | 0.718759 | 0.746561 | +0.027802
Zebra | 0.489945 | 0.443004 | -0.046941

Confidence:
true_positive_mean | 0.915330 | 0.921213 | +0.005883
true_positive_median | 0.973271 | 0.970115 | -0.003156
false_positive_mean | 0.715801 | 0.718030 | +0.002229
false_positive_median | 0.694663 | 0.694893 | +0.000231
