BASELINE 01 VS SCALE JITTER

Metric | Baseline | Experiment 05 | Delta
map | 0.575485 | 0.576239 | +0.000754
map_50 | 0.825687 | 0.820633 | -0.005054
map_75 | 0.653031 | 0.621193 | -0.031838
mar_100 | 0.687444 | 0.698096 | +0.010652
precision_score_050 | 0.752404 | 0.731034 | -0.021369
recall_score_050 | 0.759709 | 0.771845 | +0.012136
tp | 313.000000 | 318.000000 | +5.000000
fp | 103.000000 | 117.000000 | +14.000000
fn | 99.000000 | 94.000000 | -5.000000
class_confusion_count | 57.000000 | 58.000000 | +1.000000
localization_error_count | 22.000000 | 31.000000 | +9.000000
background_fp_count | 8.000000 | 16.000000 | +8.000000
duplicate_count | 6.000000 | 7.000000 | +1.000000
mean_matched_iou | 0.847782 | 0.849246 | +0.001464
median_matched_iou | 0.876271 | 0.877467 | +0.001196
mean_epoch_runtime_seconds | 412.300782 | 381.339576 | -30.961206
total_runtime_seconds | 4139.927600 | 3827.672403 | -312.255197
peak_gpu_allocated_mib | 737.231445 | 739.223633 | +1.992188
peak_gpu_reserved_mib | 888.000000 | 978.000000 | +90.000000
best_epoch | 9.000000 | 10.000000 | +1.000000
small_recall | 0.381579 | 0.460526 | +0.078947
medium_recall | 0.774436 | 0.781955 | +0.007519
large_recall | 0.891626 | 0.881773 | -0.009852
one_object_recall | 0.870833 | 0.875000 | +0.004167
two_three_object_recall | 0.714286 | 0.742857 | +0.028571
four_plus_object_recall | 0.432836 | 0.447761 | +0.014925

Class AP:
Buffalo | 0.505370 | 0.532490 | +0.027121
Camel | 0.391667 | 0.460455 | +0.068788
Cat | 0.669733 | 0.606858 | -0.062875
Cheetah | 0.473173 | 0.514705 | +0.041532
Cow | 0.554551 | 0.575913 | +0.021362
Deer | 0.624661 | 0.616466 | -0.008194
Dog | 0.691891 | 0.718416 | +0.026525
Elephant | 0.572022 | 0.572514 | +0.000492
Goat | 0.448654 | 0.432328 | -0.016326
Gorilla | 0.584253 | 0.636506 | +0.052254
Hippo | 0.574857 | 0.566053 | -0.008804
Horse | 0.694005 | 0.747535 | +0.053531
Lion | 0.758658 | 0.711988 | -0.046670
Monkeys | 0.406690 | 0.314319 | -0.092370
Panda | 0.284696 | 0.319501 | +0.034806
Rat | 0.600946 | 0.539610 | -0.061336
Rhino | 0.767033 | 0.737146 | -0.029887
Tiger | 0.626626 | 0.630027 | +0.003401
Wolf | 0.800798 | 0.853254 | +0.052457
Zebra | 0.479410 | 0.438689 | -0.040721

Confidence:
true_positive_mean | 0.913967 | 0.919893 | +0.005926
true_positive_median | 0.973946 | 0.973867 | -0.000079
false_positive_mean | 0.722969 | 0.737970 | +0.015001
false_positive_median | 0.686542 | 0.727302 | +0.040760
